L = 10e-3; % Inductance
R_L = 20.295; % Winding resistance
C = 100e-9; %Capacitance
R_lo_C = 0.2; %R_Dson
R_lo_nC_1B = 4.5;
R_lo_nC_2B = 4.33;
U_D = 0.6;

%Lookup table U_out Vs R_load
LT1D_R_LOAD_1B = [0.0596 1.463 2.313 3.318 4.864 7.563 10.194 12.905;
                  31.243 49.636 60.521 68.914 82.301 98.279 110.736 122.169];
LT1D_R_LOAD_2B = [0.354 1.018 1.673 2.400 3.864 6.137 8.518 10.831;
                  10.382 19.816 20.195 29.840 36.727 44.659 51.692 57.090];
